642949
896909
137124
353555
643194
951635
857767
591209
584103
339307
958758
598144
495855
867141
615134
215601
702654
547395
611960
808849
940615
153882
712705
274410
527128
829744
709963
444993
255646
340531
663255
715136
572680
856444
157152
941829
288304
515000
441753
410925
977710
625935
889892
988852
346779
294100
601311
972925
684789
122775
829387
705391
420870
967706
173749
956317
505798
273229
411104
959210
234742
864588
385424
767597
789289
487081
273020
647385
544554
792410
444883
449937
382330
287120
724030
671018
940353
961491
862741
440592
655336
872334
995587
372665
923199
511517
344577
946026
528620
634537
352186
504556
737502
234921
537754
686436
387019
632121
406119
387159
